ROUTE #1 : 17 16 19 1 112 22 85 
ROUTE #2 : 72 75 70 67 69 15 11 10 7 9 
ROUTE #3 : 20 33 30 32 35 28 29 25 23 21 26 
ROUTE #4 : 18 108 118 114 3 4 14 24 5 
ROUTE #5 : 45 42 37 38 41 76 73 78 80 
ROUTE #6 : 2 12 81 90 77 13 8 106 
ROUTE #7 : 105 101 59 27 31 34 36 120 
ROUTE #8 : 103 83 91 89 92 87 63 6 
ROUTE #9 : 96 110 116 98 43 93 100 115 104 
ROUTE #10 : 50 94 109 95 71 58 39 
ROUTE #11 : 48 44 46 47 51 40 102 79 
ROUTE #12 : 97 99 107 86 111 82 88 119 74 49 
ROUTE #13 : 60 84 113 117 68 56 62 55 
ROUTE #14 : 57 54 53 52 66 65 64 61 
COST 9426.15
